1110111001101111110011111000010101010001000111010011100111000001101101100101110001110111000111111100
0100011111101101011000110010001010001011011010010010001000010101100010101011100010001001110010101100
1110000001111111000110101100010101100000011111100100111100000001000011110101001010000101110000110101
0100110000001100000111111001000000111001101101100000101011011010100111000001001110101000110100000110
1000101100101110011011111010001101100000111011000100010010011011101110011110011100111101111011100110
1001100101011011010010001011000000010000101111110000011011101110100000010000101110011101100001011001
0001000111100011000011010001111101010101011101111000001010011110101011001111110011000100010111010111
1101010101101100010001011011100101010111000000111011101011111011101100001100101001110011110010011000
0111011001001111001010001010011110110011101000111010111011101101100111111101101001111010010010111100
0010111001101000000110100010010101101111110011011101100111000001100001011111101110111110000000011100
1111110110110010111101011111101100000111001001011001001010100101001101011001000101100110011110110011
1100010011101001100001110010000101101110110100100101111111010100011010111000001010101100000111010111
1010010000001110010110000000110001010101000110010100010100001000111101001100100011001110101000110011
1010000101101001011000011000101110111101011001101101011011111000100011110011001110101000000110100111
1000100100001000010010101010010110101101111100101110111100001100110111110101001111110011100101110111
1100101010111001001000000111100001100110000111100111000000111001110000010000100110100100101000000111
0010011100110100011010000000011001010111010000010011000011010110101011011110111010111111101101110111
0000101011000111110001110110100110111010100001110011000000101000111101010111000010001010100010010100
0100011100011111101110101010000110100011011000100010010001100111110010111000111001111110110000110011
1110011101111111100000010110000011101100001000110101101000011001010011010101001001111100110111110011
1101000011110011110000100000000111011110011101110010110101111011000001000011000100111010110010011001
1010111101011110110111010000000001000000101110101011111010101000100110110110111000110000101011010001
1011100110010111101110111101111110010101110001110100110000010100101011100011101011000100110010010101
1011000110101111111100110001101000010000100011110000100110110100010110000110000100111110010011010100
1110011001101101100011101000101011011111101001101100110010111010000101001101101100101111010100001000
0111000011111111011011011111011101100111101000000110001101011110111010011111001011101010111110001111
1101001000100011100001001101001001101100000000101010010110011000101110010101100011000101001010001000
0110111001010011010010100111111000001000011011100001010011011101010000010000001100010001101110111111
0111000000101011010000010011101100100111001011010101110011101111010010100001011111011000001101111100
0000110010010111010001110110010101010110001110001101001000101111101010100110001100010110100010110110
0011000001000111101010111101100001000100010000110110110111110101010011001011000010110110010110101010
0000011011101010010111111000111001101001100011101100001001010011100000111101100001100000001000111101
0011011001100110111000111010111000000010010100110101111110010010000100100011000000111110001111011010
1111111100001010101101000010000011011001011001000001101010101110100110000100100100000110011001010010
1101001111000111010011110100000100000001111111000001000101000011110001101101111000101001100010010011
0011011001111100001100011000011000111100110011001000100000100011011000101100001110100011101001110010
0101110000101100010110111011111000011101000101110101100000000000001010110011011011001101110101011111
1011001110101101111001111010110001011010001101011111000011001010011100010010010110000001110000001100
1011001111011100110000110111001110110100111011110111011001101101111101101100101011010110001011011000
0000000011000101101111101001110000101010010000001010001011010110010001101001011111100101000110000101
0110111000100100100111101010001110010010110001111110101011000111001101010000010010110101110110110100
0010110101100111001111110111111010011110110111000101011000000100011100100100000011111011111111111000
1100111001100010010010101000010010011110001011100000110111101101001011110011010001100001101110001101
1100000010010010111001111001100110001000001011000101111100000111101001101010011110010111111101101001
1111110011110001010001111011111110101111110111001001110101111001111101011000011000110100101110100011
0111100110100101111101011111010101011101000011101100000000111000010101011011000111010101101111011100
1010100100001101010111100101010111111011101011000100001000011100001000001000110111101100011010010010
0001011100110011000110110011101010010000001100110110001010101001000011001000011101001110110100000001
1010011001110000011001110010010001000100000011110001100110000111001110101001111001001100111101011001
0111001110101010010110000011100001110011001110001011010100010011101111100110000011101111011111111110
1001011000010001000100101110101001001100101001010010000010100101001010111000001111010100101010001111
0000000011101100100010001111101110100101000101100100000100010001000110101111110100111101001101001000
0110111100101100010001100110001001001000110110010100100110110010000011001001111001111001001010110001
0100111100100110110111110100010000011010100110100100011101001100000001110110011000100000011000001110
1110111010100010001000010101111101100010100110011101001110100100110110111100101010110101100111111001
0100111001000111011000011101100101001010111000000011001111000100011100100111110011111010011111011000
1101110110100011111101110011101011010001100001100011111111101000001100010010101001110110101000110001
1011100011000100010010110010101000100110100110000000101010100001010101010110000000100001001110001100
1001100011000101100001100011001100001100010001110011111100110011011001110011000000010100111011001110
0010001000100110001000010111010101101001011000010000010100101110111110110010110001111111111110001010
0100011001000100001000101111101000111011100010010001010110110000111001010001011001111001010100111010
0001010001110111111111111100011011100100101100011000010001100011100111000111100001100111010110101111
1100000000110000001101000111000000111111100100110001111001110001010010101101111001011110001001111000
1001101001101100001100011111111001011011101100101000011010110011001000000010001010001110100101100101
1010111101000110000001011100110101010100010111010010011101101001001011000110101110010100010010000111
1011110100010011111000110111011010010001111001111100000001110011000011101111100100100110010010110011
1011001100001110110011110100101011001111101111110110110101000010111010100001111001011011011101110110
0110010101110011100001100110110100001111011000010001001001100000010111101000001111011100000010111010
0100000110000100000100111101010010100010000101011111000011101100101011001001110010100111000110110011
0010100100111111000101001110000000110101000111100000001011101111111011101011101001001000001101111000
1110010000000000110000101110110101010011101101011001011001011110100010101000000011010100010010101000
0101111011100001111101101100111000001010001110010100010001011011110011001100000011100011101011010000
0101001010011101100001000100111110101100110111001001100010001010110011010111011000110111010011010000
0010000001100100111100011010011101101011111101100011011001001010011001000100100010100000000111011011
0100000010010111111100100011100110101010001011010101111011001001101100010010010110011110111011100010
0111011111101111101110100101101011010011000000100000100111110110001001110010100101000111010110000111
1001001111110111011001001101101101101000011111000011011000000011100110001100111010101110100001101011
0100010111001110111011001010000111010010111110110000001111001011110100000110111110011110100111000111
1010111001101010110001100111100110010111111001101010110010011010001001100110110010000000101001000000
1011011110001111111101001110100000010000001100100110110110011101001001111100111010101101010111101100
1011100111100011010110010111011110010100011111101000100111010000110000000100011001100100000111010101
0010100110000010000010000110000011101111001101000110111100110000010001101000010010011010111111110011
0110001011000010010010101000110111000001011101001101110001111011101100001011101100000001010111001011
1010000111101111111011110101011010100101110110111001110100011101001101000000110101110101000000101100
1011000010000110010011011010110000110110011100011100110011000110110111100100100110001110110110010100
1100000011010011001111001011010110111111110000100000010001010100100010110011000000101100111001000011
1011001111101011011010111111100101100000010110000111011101110000101011111010000101111011111100000101
1101011110010110011011100001110001110001100010110010101001001011110000110101010101001001010111011101
0000110110000001110001011000110110111111100011100101101000100100011110000100000010011001101000011001
1011110011001001011101011000101111011011011111100101001100101000111001111010111100000100010110101011
1000011010010101011111100110111100001111011101111010000011000011000100101011001011000011000010100010
1010001011011010111010001111001000000010000000010001110100111001001101110111001000011101010000000100
0010101100101100001000111001111011101101010010010010100010101101010111111110111111100111111011001101
0011010100101011101111001111011111000110110111100001100001100011010010101110100011010001101000101000
1100000011010101110100001111000101010101101110001100000000111100010000100001001010111110110101101100
1010000111101001010101100010000111101010010110110011000100010010111111110110000010010110101100110000
1101010010100110001010010010000000011110000101111100100001100011100011110010101100011011101010000111
1101000111111100001101001110111011010011101011001011010101001000110111011110110000100001111111101110
1110100011110111010111101001001011111100101011000001101001100001011000100001011010100011101010010010
0101111100010011001001000111001101001111101111011011000001111000101110000101001101010101100110010110
